ID	Label	R	G	B	A
1	R_V1	50	50	50	0
2	R_MST	180	20	30	0
3	R_V6	60	25	25	0
4	R_V2	25	60	60	0
5	R_V3	180	20	20	0
6	R_V4	220	20	100	0
7	R_V8	140	60	60	0
8	R_4	180	220	140	0
9	R_3b	140	100	180	0
10	R_FEF	180	20	140	0
11	R_PEF	140	20	140	0
12	R_55b	21	10	10	0
13	R_V3A	225	140	140	0
14	R_RSC	23	60	180	0
15	R_POS2	180	60	180	0
16	R_V7	20	220	60	0
17	R_IPS1	60	20	140	0
18	R_FFC	220	180	140	0
19	R_V3B	65	100	20	0
20	R_LO1	220	60	20	0
21	R_LO2	60	100	60	0
22	R_PIT	20	60	220	0
23	R_MT	100	100	60	0
24	R_A1	220	180	220	0
25	R_PSL	20	180	140	0
26	R_SFL	60	140	180	0
27	R_PCV	25	20	140	0
28	R_STV	20	60	100	0
29	R_7Pm	60	220	20	0
30	R_7m	60	20	220	0
31	R_POS1	220	220	100	0
32	R_23d	180	60	60	0
33	R_v23ab	60	60	220	0
34	R_d23ab	220	60	220	0
35	R_31pv	65	220	60	0
36	R_5m	25	140	20	0
37	R_5mv	13	0	250	0
38	R_23c	61	20	220	0
39	R_5L	61	20	60	0
40	R_24dd	61	60	100	0
41	R_24dv	25	25	25	0
42	R_7AL	140	20	60	0
43	R_SCEF	220	180	20	0
44	R_6ma	63	180	180	0
45	R_7Am	221	20	10	0
46	R_7PL	21	220	20	0
47	R_7PC	183	100	20	0
48	R_LIPv	221	20	100	0
49	R_VIP	221	60	140	0
50	R_MIP	221	20	220	0
51	R_1	61	220	220	0
52	R_2	100	200	200	0
53	R_3a	10	200	200	0
54	R_6d	221	220	20	0
55	R_6mp	141	20	100	0
56	R_6v	61	220	100	0
57	R_p24pr	21	220	60	0
58	R_33pr	141	60	20	0
59	R_a24pr	143	20	220	0
60	R_p32pr	61	20	180	0
61	R_a24	101	60	220	0
62	R_d32	21	20	140	0
63	R_8BM	221	140	20	0
64	R_p32	141	100	220	0
65	R_10r	101	20	20	0
66	R_47m	221	100	20	0
67	R_8Av	181	200	20	0
68	R_8Ad	21	180	140	0
69	R_9m	101	100	180	0
70	R_8BL	181	220	20	0
71	R_9p	21	140	200	0
72	R_10d	21	20	240	0
73	R_8C	21	20	200	0
74	R_44	61	180	60	0
75	R_45	61	180	250	0
76	R_47l	21	20	60	0
77	R_a47r	101	60	60	0
78	R_6r	21	220	220	0
79	R_IFJa	21	180	180	0
80	R_IFJp	223	220	60	0
81	R_IFSp	221	60	60	0
82	R_IFSa	50	50	50	0
83	R_p9_46v	180	20	30	0
84	R_46	60	25	25	0
85	R_a9_46v	25	60	60	0
86	R_9_46d	180	20	20	0
87	R_9a	220	20	100	0
88	R_10v	140	60	60	0
89	R_a10p	180	220	140	0
90	R_10pp	140	100	180	0
91	R_11l	180	20	140	0
92	R_13l	140	20	140	0
93	R_OFC	21	10	10	0
94	R_47s	225	140	140	0
95	R_LIPd	23	60	180	0
96	R_6a	180	60	180	0
97	R_i6_8	20	220	60	0
98	R_s6_8	60	20	140	0
99	R_43	220	180	140	0
100	R_OP4	65	100	20	0
101	R_OP1	220	60	20	0
102	R_OP2_3	60	100	60	0
103	R_52	20	60	220	0
104	R_RI	100	100	60	0
105	R_PFcm	220	180	220	0
106	R_PoI2	20	180	140	0
107	R_TA2	60	140	180	0
108	R_FOP4	25	20	140	0
109	R_MI	20	60	100	0
110	R_Pir	60	220	20	0
111	R_AVI	60	20	220	0
112	R_AAIC	220	220	100	0
113	R_FOP1	180	60	60	0
114	R_FOP3	60	60	220	0
115	R_FOP2	220	60	220	0
116	R_PFt	65	220	60	0
117	R_AIP	25	140	20	0
118	R_EC	13	0	250	0
119	R_PreS	61	20	220	0
120	R_H	61	20	60	0
121	R_ProS	61	60	100	0
122	R_PeEc	25	25	25	0
123	R_STGa	140	20	60	0
124	R_PBelt	220	180	20	0
125	R_A5	63	180	180	0
126	R_PHA1	221	20	10	0
127	R_PHA3	21	220	20	0
128	R_STSda	183	100	20	0
129	R_STSdp	221	20	100	0
130	R_STSvp	221	60	140	0
131	R_TGd	221	20	220	0
132	R_TE1a	61	220	220	0
133	R_TE1p	100	200	200	0
134	R_TE2a	10	200	200	0
135	R_TF	221	220	20	0
136	R_TE2p	141	20	100	0
137	R_PHT	61	220	100	0
138	R_PH	21	220	60	0
139	R_TPOJ1	141	60	20	0
140	R_TPOJ2	143	20	220	0
141	R_TPOJ3	61	20	180	0
142	R_DVT	101	60	220	0
143	R_PGp	21	20	140	0
144	R_IP2	221	140	20	0
145	R_IP1	141	100	220	0
146	R_IP0	101	20	20	0
147	R_PFop	221	100	20	0
148	R_PF	181	200	20	0
149	R_PFm	21	180	140	0
150	R_PGi	101	100	180	0
151	R_PGs	181	220	20	0
152	R_V6A	21	140	200	0
153	R_VMV1	21	20	240	0
154	R_VMV3	21	20	200	0
155	R_PHA2	61	180	60	0
156	R_V4t	61	180	250	0
157	R_FST	21	20	60	0
158	R_V3CD	101	60	60	0
159	R_LO3	21	220	220	0
160	R_VMV2	21	180	180	0
161	R_31pd	223	220	60	0
162	R_31a	221	60	60	0
163	R_VVC	20	30	40	0
164	R_25	20	30	40	0
165	R_s32	120	19	134	0
166	R_pOFC	197	58	250	0
167	R_PoI1	198	58	250	0
168	R_Ig	120	20	134	0
169	R_FOP5	199	58	250	0
170	R_p10p	200	58	250	0
171	R_p47r	236	14	176	0
172	R_TGv	206	62	78	0
173	R_MBelt	207	62	78	0
174	R_LBelt	236	15	176	0
175	R_A4	208	62	78	0
176	R_STSva	209	62	78	0
177	R_TE1m	12	49	255	0
178	R_PI	123	186	220	0
179	R_a32pr	124	186	220	0
180	R_p24	12	50	255	0
181	L_V1	50	50	50	0
182	L_MST	180	20	30	0
183	L_V6	60	25	25	0
184	L_V2	25	60	60	0
185	L_V3	25	60	61	0
186	L_V4	25	90	60	0
187	L_V8	25	120	60	0
188	L_4	25	150	60	0
189	L_3b	25	180	60	0
190	L_FEF	25	210	60	0
191	L_PEF	25	150	90	0
192	L_55b	25	180	90	0
193	L_V3A	25	210	90	0
194	L_RSC	180	20	20	0
195	L_POS2	220	20	100	0
196	L_V7	140	60	60	0
197	L_IPS1	180	220	140	0
198	L_FFC	140	100	180	0
199	L_V3B	180	20	140	0
200	L_LO1	140	20	140	0
201	L_LO2	21	10	10	0
202	L_PIT	225	140	140	0
203	L_MT	23	60	180	0
204	L_A1	180	60	180	0
205	L_PSL	20	220	60	0
206	L_SFL	60	20	140	0
207	L_PCV	220	180	140	0
208	L_STV	65	100	20	0
209	L_7Pm	220	60	20	0
210	L_7m	60	100	60	0
211	L_POS1	20	60	220	0
212	L_23d	100	100	60	0
213	L_v23ab	220	180	220	0
214	L_d23ab	20	180	140	0
215	L_31pv	60	140	180	0
216	L_5m	25	20	140	0
217	L_5mv	20	60	100	0
218	L_23c	60	220	20	0
219	L_5L	60	20	220	0
220	L_24dd	220	220	100	0
221	L_24dv	180	60	60	0
222	L_7AL	60	60	220	0
223	L_SCEF	220	60	220	0
224	L_6ma	65	220	60	0
225	L_7Am	25	140	20	0
226	L_7PL	13	0	250	0
227	L_7PC	61	20	220	0
228	L_LIPv	61	20	60	0
229	L_VIP	61	60	100	0
230	L_MIP	25	25	25	0
231	L_1	140	20	60	0
232	L_2	220	180	20	0
233	L_3a	63	180	180	0
234	L_6d	221	20	10	0
235	L_6mp	21	220	20	0
236	L_6v	183	100	20	0
237	L_p24pr	221	20	100	0
238	L_33pr	221	60	140	0
239	L_a24pr	221	20	220	0
240	L_p32pr	61	220	220	0
241	L_a24	100	200	200	0
242	L_d32	10	200	200	0
243	L_8BM	221	220	20	0
244	L_p32	141	20	100	0
245	L_10r	61	220	100	0
246	L_47m	21	220	60	0
247	L_8Av	141	60	20	0
248	L_8Ad	143	20	220	0
249	L_9m	61	20	180	0
250	L_8BL	101	60	220	0
251	L_9p	21	20	140	0
252	L_10d	221	140	20	0
253	L_8C	141	100	220	0
254	L_44	101	20	20	0
255	L_45	221	100	20	0
256	L_47l	181	200	20	0
257	L_a47r	21	180	140	0
258	L_6r	101	100	180	0
259	L_IFJa	181	220	20	0
260	L_IFJp	21	140	200	0
261	L_IFSp	21	20	240	0
262	L_IFSa	21	20	200	0
263	L_p9_46v	61	180	60	0
264	L_46	61	180	250	0
265	L_a9_46v	21	20	60	0
266	L_9_46d	101	60	60	0
267	L_9a	21	220	220	0
268	L_10v	21	180	180	0
269	L_a10p	223	220	60	0
270	L_10pp	221	60	60	0
271	L_11l	50	50	50	0
272	L_13l	180	20	30	0
273	L_OFC	60	25	25	0
274	L_47s	25	60	60	0
275	L_LIPd	180	20	20	0
276	L_6a	220	20	100	0
277	L_i6_8	140	60	60	0
278	L_s6_8	180	220	140	0
279	L_43	140	100	180	0
280	L_OP4	180	20	140	0
281	L_OP1	140	20	140	0
282	L_OP2_3	21	10	10	0
283	L_52	225	140	140	0
284	L_RI	23	60	180	0
285	L_PFcm	180	60	180	0
286	L_PoI2	20	220	60	0
287	L_TA2	60	20	140	0
288	L_FOP4	220	180	140	0
289	L_MI	65	100	20	0
290	L_Pir	220	60	20	0
291	L_AVI	60	100	60	0
292	L_AAIC	20	60	220	0
293	L_FOP1	100	100	60	0
294	L_FOP3	220	180	220	0
295	L_FOP2	20	180	140	0
296	L_PFt	60	140	180	0
297	L_AIP	25	20	140	0
298	L_EC	20	60	100	0
299	L_PreS	60	220	20	0
300	L_H	60	20	220	0
301	L_ProS	220	220	100	0
302	L_PeEc	180	60	60	0
303	L_STGa	60	60	220	0
304	L_PBelt	220	60	220	0
305	L_A5	65	220	60	0
306	L_PHA1	25	140	20	0
307	L_PHA3	13	0	250	0
308	L_STSda	61	20	220	0
309	L_STSdp	61	20	60	0
310	L_STSvp	61	60	100	0
311	L_TGd	25	25	25	0
312	L_TE1a	140	20	60	0
313	L_TE1p	220	180	20	0
314	L_TE2a	63	180	180	0
315	L_TF	221	20	10	0
316	L_TE2p	21	220	20	0
317	L_PHT	183	100	20	0
318	L_PH	221	20	100	0
319	L_TPOJ1	221	60	140	0
320	L_TPOJ2	221	20	220	0
321	L_TPOJ3	61	220	220	0
322	L_DVT	100	200	200	0
323	L_PGp	10	200	200	0
324	L_IP2	221	220	20	0
325	L_IP1	141	20	100	0
326	L_IP0	61	220	100	0
327	L_PFop	21	220	60	0
328	L_PF	141	60	20	0
329	L_PFm	143	20	220	0
330	L_PGi	61	20	180	0
331	L_PGs	101	60	220	0
332	L_V6A	21	20	140	0
333	L_VMV1	221	140	20	0
334	L_VMV3	141	100	220	0
335	L_PHA2	101	20	20	0
336	L_V4t	221	100	20	0
337	L_FST	181	200	20	0
338	L_V3CD	21	180	140	0
339	L_LO3	101	100	180	0
340	L_VMV2	181	220	20	0
341	L_31pd	21	140	200	0
342	L_31a	21	20	240	0
343	L_VVC	21	20	200	0
344	L_25	61	180	60	0
345	L_s32	61	180	250	0
346	L_pOFC	21	20	60	0
347	L_PoI1	101	60	60	0
348	L_Ig	21	220	220	0
349	L_FOP5	21	180	180	0
350	L_p10p	223	220	60	0
351	L_p47r	221	60	60	0
352	L_TGv	25	60	61	0
353	L_MBelt	25	90	60	0
354	L_LBelt	25	120	60	0
355	L_A4	25	150	60	0
356	L_STSva	25	180	60	0
357	L_TE1m	25	210	60	0
358	L_PI	25	150	90	0
359	L_a32pr	25	180	90	0
360	L_p24	25	210	90	0
361	mAmyg_L	70	130	180	0
362	mAmyg_R	245	245	245	0
363	lAmyg_L	205	62	78	0
364	lAmyg_R	120	18	134	0
365	rHipp_L	196	58	250	0
366	rHipp_R	0	148	0	0
367	cHipp_L	220	248	164	0
368	cHipp_R	230	148	34	0
369	vCa_L	0	118	14	0
370	vCa_R	0	118	14	0
371	GP_L	122	186	220	0
372	GP_R	236	13	176	0
373	NAC_L	12	48	255	0
374	NAC_R	204	182	142	0
375	vmPu_L	42	204	164	0
376	vmPu_R	119	159	176	0
377	dCa_L	220	216	20	0
378	dCa_R	103	255	255	0
379	dlPu_L	80	196	98	0
380	dlPu_R	60	58	210	0
381	mPFtha_L	60	58	210	0
382	mPFtha_R	60	58	210	0
383	mPMtha_L	60	58	210	0
384	mPMtha_R	60	60	60	0
385	Stha_L	255	165	0	0
386	Stha_R	255	165	0	0
387	rTtha_L	0	255	127	0
388	rTtha_R	165	42	42	0
389	PPtha_L	135	206	235	0
390	PPtha_R	160	32	240	0
391	Otha_L	0	200	200	0
392	Otha_R	100	50	100	0
393	cTtha_L	135	50	74	0
394	cTtha_R	122	135	50	0
395	lPFtha_L	51	50	135	0
396	lPFtha_R	74	155	60	0
397	Left_I-IV	120	62	43	0
398	Right_I-IV	74	155	60	0
399	Left_V	122	135	50	0
400	Right_V	70	130	180	0
401	Left_VI	0	225	0	0
402	Vermis_VI	205	62	78	0
403	Right_VI	120	18	134	0
404	Left_Crus_I	196	58	250	0
405	Vermis_Crus_I	0	148	0	0
406	Right_Crus_I	220	248	164	0
407	Left_Crus_II	230	148	34	0
408	Vermis_Crus_II	0	118	14	0
409	Right_Crus_II	0	118	14	0
410	Left_VIIb	122	186	220	0
411	Vermis_VIIb	236	13	176	0
412	Right_VIIb	13	48	255	0
413	Left_VIIIa	220	216	20	0
414	Vermis_VIIIa	103	255	255	0
415	Right_VIIIa	80	196	98	0
416	Left_VIIIb	60	58	210	0
417	Vermis_VIIIb	255	165	0	0
418	Right_VIIIb	255	165	0	0
419	Left_IX	0	255	127	0
420	Vermis_IX	165	42	42	0
421	Right_IX	135	206	235	0
422	Left_X	160	32	240	0
423	Vermis_X	0	200	221	0
424	Right_X	100	50	100	0
